3812 2720 4274 0 3160 1863 3928 2058 1652 4365 5497 3425 4433 2392 2175
4495 5471 495 4233 2844 1723 4087 3376 2806 66 306 3151 2491 0 3956
604 4370 2236 4732 3554 4116 3022 3568 1460 5374 0 2815 499 2568 4912
0 4219 3478 649 3947 1451 723 1622 2527 3158 4562 3692 2684 3851 4621
3100 1058 4884 1183 4148 3921 0 5413 2938 3280 1746 5006 883 4574 5563
1605 2465 4365 2264 0 2415 4613 1404 1055 4502 720 4721 1374 3192 2622
579 5493 3320 1809 117 4596 2753 604 2446 3574 3736 4139 4791 3065 511
4841 3473 4431 723 798 0 4539 3089 3939 2069 1933 4613 92 2709 3653
1054 3639 4207 2415 254 4141 4428 2795 737 4899 2991 3851 4274 1938 906
72 527 1822 2066 3568 2974 3404 482 5071 5111 4887 715 1358 2046 2100
415 1723 4712 17 5076 1547 2264 4470 4984 1745 2109 4030 3606 1835 1945
561 0 3185 2079 4624 438 957 4223 3798 3569 2685 2498 4631 4098 4448
2065 1608 1748 3182 1900 4991 3412 4381 179 291 3357 4915 1068 4209 5244
2638 1994 2547 2913 1082 4948 3253 5131 0 2192 4307 179 2440 5388 3045
5007 3309 276 1006 3374 2022 3596 2172 4368 2339 4742 1310 5184 264 4251
5184 4567 1222 3264 4945 2096 5288 3748 291 2537 2256 3578 927 3896 1130
5217 1503 3726 5298 4629 261 34 2521 3196 219 4300 1399 2947 3368 4758
2014 1745 2418 4405 3080 4709 3162 4138 722 4601 205 2997 5201 1256 3832
5481 4025 2780 189 3686 1049 1868 1551 5100 3723 495 3351 2663 5052 3567
4116 4701 1467 457 5213 2593 2792 185 1369 3650 3904 5200 4989 3318 1557
4272 2578 3843 5056 2720 4972 3101 2924 1516 3901 58 1652 1050 205 5109
4693 2392 158 4436 1316 4192 2531 1753 898 3005 1168 5022 5299 2249 3236
2500 2192 5315 4949 3069 3102 5128 0 4315 2853 3548 371 3339 4767 191
4333 4928 2050 5131 3024 1317 2611 5125 1166 4134 2459 3932 2293 276 2793
5298 2736 3901 3534 4519 1325 4792 709 3232 733 4979 4309 1096 314 1408
2922 5222 4539 2786 5407 969 1616 1875 2157 4727 805 1807 263 2066 2344
1825 2901 4030 1442 1614 3240 4721 3953 5228 5557 1316 4384 392 3549 570
3476 3356 2404 3954 1565 5316 1369 297 1282 4098 2546 1443 4134 5118 3914
3840 3353 3554 798 449 957 882 2536 4498 868 3474 5207 5112 5520 977
765 1881 5005 318 3875 4903 4295 4648 3093 3663 3237 567 1994 647 5501
3608 715 2974 5344 3795 3379 4999 2005 4655 900 2385 1565 4968 4228 371
2326 4507 1977 2247 2500 561 1152 733 2684 5080 5145 5435 1221 4363 2860
2799 3150 1557 2753 872 2446 2706 4832 2005 1287 5331 4498 5419 496 3378
5603 1162 2224 1684 554 4257 3455 4625 2816 3350 5336 4951 828 2938 3924
1187 900 1454 3811 483 1364 2339 1822 1077 2307 2092 1875 2109 5569 1541
2769 4689 1111 3693 5518 4440 2841 981 2270 2687 1569 4018 5340 5232 0
2997 194 3907 4596 3642 4441 1423 3225 1028 2767 4110 4772 2884 2155 752
4968 4862 2633 3015 1767 795 5041 2156 3729 4705 3396 1308 601 4441 4063
1107 5501 5136 3402 4501 1277 4898 1187 3649 1408 4590 919 3709 503 1317
3795 3850 899 405 4365 2233 3713 2712 3424 4325 2824 2410 4501 742 3826
2230 5125 3023 2691 4592 3636 3759 828 1826 5367 4390 3405 673 1441 5418
216 5311 4007 868 4788 1046 2080 5052 1899 415 1063 0 5452 4949 1169
1687 3090 5490 1614 4713 2792 4233 1277 3466 100 934 5260 3651 4022 4789
1503 1359 0 3931 3184 3719 1900 371 482 4407 3989 2237 3847 4171 2541
3957 3641 1654 5473 975 3838 4280 1592 5425 1879 712 2651 4306 1372 1773
500 3667 1345 2599 4140 5147 4893 4997 4148 1163 1970 3029 3151 5100 879
870 1569 4540 1927 2237 630 5438 5287 4792 3455 1434 2047 3055 3703 1616
3279 5187 1638 1348 3498 5508 2297 2334 657 5283 3176 902 1442 1654 4368
3206 5405 1032 5485 3671 2860 3153 4029 1014 1111 4439 1163 3521 5335 430
1337 1047 5108 3750 1058 3547 1723 3872 3709 5190 660 5309 3953 1082 1879
