0 2784 4775 2507 5380 2335 5085 1093 128 1106 2018 2092 3025 3082 2712
3308 3612 4600 964 1990 3484 5631 2305 525 0 5484 2808 4188 5697 118
1055 671 3129 3779 2683 4370 5374 0 1725 5451 3756 2277 1510 3626 5339
2741 0 4018 1983 4630 4875 3615 4153 694 4685 2440 5107 645 3186 766
1395 2127 134 3226 2784 3622 2557 3519 1903 2070 0 1219 2299 2195 2574
696 3546 2745 641 0 81 3164 3972 2971 2983 3771 1051 3222 4436 1219
1417 2244 3222 3273 3386 1367 2818 1054 2983 4770 134 363 3116 3806 5645
5469 2695 5606 322 2740 465 2568 771 2822 1151 2636 2692 2198 200 3408
1133 1180 3329 0 5538 4212 2981 3939 2456 3612 4910 5243 142 5005 1999
4333 33 780 3440 2382 3865 3387 2931 3116 727 1416 4412 4676 1565 3531
4305 2911 1987 2702 784 1235 2218 5633 5109 2572 303 5411 1618 4333 2423
4859 581 2289 5312 1243 4567 1307 3703 2507 4939 227 4156 2574 1258 2572
4367 4060 3748 1403 1258 1580 3890 4628 248 2844 3406 4574 2281 408 4527
2842 4582 226 3662 2907 4562 321 1416 1411 3566 1145 4733 2047 3612 1988
2907 3358 3279 1167 3865 3152 2806 1633 0 2818 2290 66 3089 1831 3654
1000 3320 4686 3081 5023 907 2506 3226 5256 2885 4289 303 5439 705 1975
1863 1811 5023 1571 4844 1630 1984 5687 2045 295 4247 3870 1216 5306 579
4575 1628 5701 1225 3294 4697 0 5607 2097 865 3250 696 1386 4823 2170
1180 173 4153 1608 3463 4823 479 5506 1315 491 3294 5020 4507 5134 1632
3039 4639 1079 4781 4533 1852 3191 1603 3633 584 2692 4004 4382 4778 0
4035 4390 4268 893 4082 5102 4309 964 2069 118 2849 3609 3082 2439 1298
1984 1519 5189 2939 230 2457 4353 5019 4778 3745 772 1239 5259 2390 3992
372 3625 1499 3610 3260 1273 2607 3886 346 1868 5631 3569 2987 3375 4425
1315 3277 3957 4086 3041 5254 3693 336 2569 4065 2092 1556 2868 2473 388
3549 5310 1807 3899 4369 3799 2510 2026 5130 2855 1287 4605 339 249 4275
2647 2741 2592 4768 1085 3279 1024 388 2170 2440 3579 4278 828 2564 4582
4903 2454 3451 5535 1513 4927 4465 2311 3714 1348 3899 325 1024 2022 5374
5606 4112 2484 3524 3692 3049 382 3320 1556 2657 1334 1405 3881 582 2966
3692 4317 2096 465 3959 2213 676 4569 805 5278 4074 838 5176 920 3837
4470 5207 1255 4015 1697 3860 4827 5321 3313 2121 642 156 4995 2592 2694
1376 4602 321 4388 2025 1000 3440 2454 4181 3366 890 2974 3718 5441 4536
5098 371 5278 2348 357 1417 805 2251 4967 5246 2561 3243 2682 1307 3049
2062 3965 2904 4952 4685 1347 1550 909 3759 4171 3079 4895 411 3824 3529
1719 3779 3510 3614 5154 2842 5697 148 2754 4918 1637 1378 1958 774 5480
128 2595 4211 5655 2133 5500 1463 4313 4055 2264 5287 920 1742 3724 2318
3808 503 1778 4589 4268 588 4369 2654 3471 780 2189 4470 3109 3992 3934
4217 2018 3076 4513 2549 4024 1111 4828 838 3381 1831 3737 569 4687 4317
2456 1415 4971 1632 3640 2044 1085 1831 2304 3148 2954 1717 3420 0 3243
3265 1301 1648 5113 3210 3312 1086 458 5087 1778 4480 5580 3549 2801 4912
500 2192 3562 4245 3972 4083 3057 3769 4703 4388 1565 2365 4853 1412 886
3147 5531 4463 696 371 1811 2037 5480 3811 2270 1342 3529 5364 4600 5220
3441 4857 1782 502 5265 3554 4703 3953 4535 3205 963 2695 1807 1429 4078
3929 4224 974 3386 1700 1166 4184 2005 5442 5109 496 5098 4042 3207 2026
4059 1863 1410 2073 676 5197 491 3588 5605 2040 5005 1641 4980 4217 4763
4697 2649 3848 1786 81 5442 4976 2122 959 5220 1719 4941 4184 1482 2372
2240 4778 2647 5416 1403 1843 980 5153 4375 5615 4672 3335 694 2299 2781
5282 5504 3941 2775 2264 2939 3964 1106 408 4304 2490 525 5622 339 5064
5246 1459 2115 142 5378 2657 5480 4444 3513 3869 1786 2508 4214 1103 5416
2189 5022 4309 2267 1796 771 2410 608 5341 1409 4773 4976 2506 5595 4466
4927 3103 520 1132 5118 5616 3014 2801 3954 4067 5176 1340 5304 2633 1801
