2215 5138 2030 2808 5245 4673 4819 528 1575 4312 4512 5549 961 2866 714
5545 1354 2967 5325 239 3626 0 151 4422 3209 4369 3953 2412 351 5016
3225 2646 698 3790 1528 3491 842 0 3694 3802 3930 2818 4362 4044 2173
3752 5170 1180 2271 5524 119 4691 3097 3185 5073 5350 1795 1600 0 2930
4977 747 5145 1664 0 1647 4383 2724 606 5659 4580 2285 4802 2527 4952
4346 3224 0 2037 2621 514 5902 4135 1205 5247 2358 4177 5523 3337 1067
5331 4972 3925 1822 610 4109 3229 4272 5717 1484 0 2663 417 2033 5213
1269 3411 2815 5826 4937 1182 660 3376 0 715 5419 1229 5323 3970 3798
984 4238 341 2304 5727 707 5001 3411 3831 3621 5096 194 5709 1099 0
3023 2791 4428 4846 4328 1239 3830 5362 4873 0 3224 2002 4480 1508 914
1642 0 4171 4332 2476 5649 5447 5725 2647 1084 516 5821 2755 2961 2260
1384 2972 4789 4856 2547 794 138 4687 4990 1480 5836 1607 3333 3626 3177
2455 4041 3017 5882 4827 4272 1382 2533 149 1217 5533 688 3719 5142 5278
2405 1540 3473 5908 4098 1229 2455 813 4835 1004 2849 4346 4138 4369 3533
292 3051 4472 4588 5775 3963 3479 2285 1638 5622 4465 2169 0 119 3791
4135 189 1580 3802 2919 5791 5361 3945 3372 369 2254 599 2156 3178 2958
5136 1594 3122 1795 5403 3309 715 3831 3719 1672 997 1012 3626 3493 194
3685 2993 2325 720 677 5054 5438 239 2498 5768 4274 4611 894 3058 5447
648 5528 3675 4140 2958 5332 3239 3504 1316 5141 40 2809 1442 3790 2334
1925 5912 3787 940 720 3072 5843 248 4820 4947 2308 4017 4989 3253 2825
4463 5188 4962 2439 2155 1664 1190 4940 5728 164 1231 2618 753 2379 2663
5244 1215 5331 2160 1354 808 4291 3045 5067 4844 3381 4932 263 3131 1499
3265 1854 5770 4944 967 266 1514 5665 2003 5494 4336 1269 3531 4839 3965
2533 4530 1173 5023 2717 4420 3521 1004 1804 5781 2667 3710 4604 4666 376
5802 3475 2617 1126 3221 963 2815 5152 5543 1319 2997 3150 5386 292 3159
921 780 5794 5141 1642 321 5632 3657 4170 3468 4015 3832 4960 1803 1925
2667 4957 967 2863 912 4972 4983 3434 5008 255 755 4721 4332 1015 4145
1706 1716 1308 5148 5847 5658 3504 4607 5350 2971 3101 0 915 4989 4358
0 921 3309 3945 3722 1230 1984 2062 3090 2997 3604 3067 1795 3405 2458
2920 5900 1005 192 4469 1567 4659 5708 1442 3930 1647 5725 4663 5584 4119
448 5760 3406 3135 1059 5417 5173 5483 1459 2211 2717 3293 3102 1693 5717
442 3082 2272 4693 3912 2944 4666 1160 4274 2861 4148 1536 1096 4513 3740
1478 3859 3817 4243 5700 4945 3710 2630 177 2704 337 2458 5727 540 3333
3512 1672 4588 5923 2334 5187 5409 1710 337 1225 3833 437 5527 2810 4558
4611 3331 1414 4423 2971 3142 577 2906 3530 2926 912 4552 2254 1925 1580
1895 3644 5457 5662 1096 5836 3427 4962 437 4672 3479 2987 1087 1318 1715
3120 2859 2498 319 4637 5610 3817 4999 1674 1804 3326 5406 5246 5800 929
5728 4601 3486 894 4138 5458 3964 5802 473 1412 4788 1993 2356 4881 5868
2725 4397 534 5493 1697 1126 3046 4774 4575 4119 5689 5207 1984 5852 4312
2714 3833 622 2725 2331 2334 1021 3629 782 2501 3740 3102 3041 1228 3675
2889 1087 5717 1444 2064 5799 4131 412 4552 2554 4794 4366 3135 5438 5613
3457 4789 4762 473 3610 1439 5085 4442 470 3067 5190 3209 610 660 4607
4857 2359 1654 0 4361 4983 3894 1830 4774 2267 5795 3012 192 2179 5850
5461 4974 3852 1960 2037 4870 1231 1382 3630 3316 4416 3468 315 5278 5744
3915 516 4109 2067 1499 3593 2160 3185 5227 4989 514 5073 3897 4192 2936
3162 5718 2918 3597 5115 3790 391 755 3992 5311 620 341 3578 853 5494
5362 2508 1830 608 3421 4787 5916 5278 3041 4512 3363 2114 2901 5708 442
4767 4521 2954 1088 2850 4530 5689 5868 2967 2173 2330 1395 656 2439 2050
3714 5358 4332 1035 1617 5044 4577 3266 747 2179 4831 3946 5058 2267 2860
2668 1160 2215 1319 3046 2810 3045 2944 764 4932 5031 5575 4952 2724 4975
