1209 235 440 1048 300 1229 0 1578 486 1482
1313 798 216 1591 629 978 1766 0 1230 394
467 954 0 884 1117 48 1047 1165 1131 1265
647 1454 862 1257 0 1034 119 411 1659 1617
0 409 879 973 397 1569 253 1662 1486 1209
1069 885 48 503 1283 606 324 1419 957 1258
1218 499 1410 327 91 584 590 862 1083 1162
1489 97 1594 621 706 1803 826 292 1287 988
378 1019 627 0 1229 1141 1422 1406 222 1352
64 1733 297 365 971 371 499 1048 903 754
840 293 1527 1466 409 1109 1596 724 0 1347
1525 1134 77 354 699 1684 1787 557 1328 1392
1803 732 835 697 272 1772 1235 130 1034 1198
281 1304 821 1053 117 242 991 1337 1802 1732
507 1355 387 1188 1373 1287 206 639 810 697
571 1675 1306 1768 821 1491 677 216 1165 313
775 1003 1630 732 1025 1340 89 1729 119 1578
902 105 973 371 736 590 1069 1793 1501 1674
1121 0 1729 1527 557 1017 738 368 1392 1652
1610 1097 303 1264 1761 486 1164 31 387 1709
453 1373 1771 1676 644 813 1587 1489 62 907
992 588 484 1713 907 1619 191 971 563 842
1390 1311 1054 860 1139 699 1504 473 191 1229
459 1766 1380 1150 11 832 1689 992 1562 467
116 1117 1235 571 1522 1435 1195 1827 635 0
1164 1646 813 445 503 736 1155 180 1706 1607
207 1206 554 235 1452 891 1323 697 724 1066
1430 140 1139 775 1610 1513 910 1245 1191 59
1702 1545 428 1338 179 453 563 793 590 1798
357 1562 155 1398 1662 216 417 1529 313 242
