0 1589 79 573 1773 1432 1240 599 1380 857
705 1395 959 0 1415 1799 814 1528 1166 1307
1318 736 899 139 0 814 794 966 207 632
531 0 667 1202 1465 57 630 1647 1495 823
66 500 1615 310 214 452 869 1380 1283 840
216 392 1259 907 1160 734 639 0 1703 1765
1380 619 804 1135 883 360 1749 263 661 1529
1769 1695 0 989 244 1307 663 503 616 1281
1657 1808 292 964 1495 1181 405 95 311 153
1247 697 883 1631 1545 520 141 1734 1075 43
389 1291 1160 836 1144 1059 962 1210 0 475
675 804 761 115 43 1686 1485 884 705 1804
1059 57 1320 1799 1272 1589 71 410 1154 0
118 238 1782 790 1030 933 212 1118 836 1067
249 865 163 673 1629 527 656 725 1801 1500
802 70 1202 1378 1000 197 321 1291 916 1094
1154 526 1849 1589 115 1530 1338 360 666 1395
342 162 1593 1687 743 1144 1809 523 583 1427
132 321 1398 1075 1344 666 238 1431 1064 734
493 148 1431 1813 666 661 542 745 1387 1607
1750 1634 1091 658 1336 1804 504 201 1000 263
844 1711 175 1599 293 247 1059 1545 1411 1198
632 1834 504 239 164 1745 454 649 1582 624
1601 397 1704 476 1067 623 1525 1833 9 951
900 1010 267 110 1734 97 1601 1724 1679 1170
609 1500 208 1774 1689 895 1388 153 1834 700
475 667 624 1495 1854 110 697 837 1430 576
658 541 1047 619 1816 500 0 675 520 1659
292 933 1504 718 1194 926 1679 1060 1765 342
986 1432 601 207 1287 1375 1143 1553 1259 481
