1751 91 2292 1239 2373 318 1440 17 1866 2246
474 583 485 523 2608 0 2036 1188 2716 2263
273 1149 1778 1818 1842 1135 830 0 923 1000
656 2400 1590 87 0 2241 1498 1934 2270 568
578 1898 817 1497 1577 1568 479 543 1565 0
1168 1923 0 1871 1950 1740 933 1904 577 1091
1118 1200 2574 2242 846 2667 993 1915 1688 18
932 1020 2708 792 105 2304 2001 819 2573 547
1497 2279 1190 2161 2470 483 0 1605 2370 808
673 653 2524 2683 273 1852 512 969 2247 1331
1018 1343 1270 933 758 10 923 1851 1665 2611
713 1056 885 644 1435 964 612 502 2170 70
434 747 36 2094 648 2746 1848 1094 2485 2315
2641 1252 733 2549 87 1137 1235 1370 539 2352
1354 1429 523 90 1244 2568 2531 1993 985 1952
1277 1928 2751 1895 1551 71 1121 2369 659 1368
2637 798 2247 702 102 1570 2719 2031 1761 649
1234 2018 1105 1013 1820 1774 654 1277 228 2630
1397 1512 659 2334 190 2669 1252 2505 618 2072
2739 862 2608 2408 1709 793 1626 751 190 693
856 942 1379 2421 626 1622 2568 2702 795 105
2201 668 2011 1565 2213 1448 1904 121 2126 466
179 1696 273 2360 1779 1235 2733 2603 1477 141
1762 2539 968 2431 2094 951 628 91 1584 1979
2804 2181 1202 1837 267 1992 1070 1140 737 2117
1503 1557 1708 2400 363 2626 713 872 2736 1218
109 190 2418 2137 2535 229 2432 1274 175 1277
1541 1737 2369 116 1038 2186 2130 2271 1241 750
1591 2485 1503 1328 1696 2070 2325 2773 288 387
1671 229 1877 981 2683 2403 1351 1793 2603 787
2115 280 954 1638 2525 1818 2231 2834 834 1356
1967 2672 1406 1080 1365 2487 133 2426 2026 209
340 291 434 0 2347 2169 1542 2229 1796 2668
2277 633 1047 1677 453 2755 2371 2435 2665 907
2566 446 2171 1120 1852 1348 1800 1740 387 1467
485 2086 133 2046 1482 394 43 1223 2782 1190
1787 1426 2432 2082 1268 384 394 2108 2743 1866
544 2615 1672 2265 2774 882 1559 366 1336 2086
2101 1604 168 2092 1395 537 1055 1950 1568 1696
799 340 2782 2597 2179 1677 1887 578 1943 1134
2206 2310 2072 1917 1117 2277 209 266 1685 1450
2108 2118 319 1981 1190 514 1371 2049 2809 1546
2467 2758 1782 1628 528 1447 637 1684 1133 2375
1886 2822 2649 1179 2005 1967 1410 677 479 2455
67 0 1332 2690 2248 1706 2131 1893 1040 2231
2371 2631 2469 583 1630 1255 2781 1518 1394 295
2152 1811 2589 1427 2610 857 1707 1065 446 2474
2026 1224 1764 2509 945 1038 2653 2188 468 2549
1866 2297 1968 1728 2796 2663 769 426 1177 2176
826 1830 2555 33 747 1410 2574 1461 2443 1623
