1397 0 1757 367 2172 676 2313 2086 1020 2811
1096 1566 0 1400 2783 1896 532 2049 662 2096
1444 1893 1112 43 1978 2515 0 1953 760 2673
78 1042 735 2806 1660 2400 389 966 2342 1287
1877 1754 96 413 2566 2357 1463 1601 843 2848
410 1794 1899 1113 1993 1510 1959 109 2882 58
2790 2665 1153 1594 221 2002 895 2310 1699 0
845 2226 2524 533 1482 2865 142 2176 1463 1072
551 1762 463 2841 0 747 1830 1817 1525 2004
2206 613 365 1793 2535 463 1134 1365 1977 2603
455 1953 1979 792 2082 1858 1989 0 375 1349
123 2321 2243 2096 472 1134 1048 466 1763 2355
2405 1446 141 1928 1040 619 2079 2672 554 2178
222 2594 1824 2403 60 144 2748 2264 277 164
1467 1135 2424 2329 1559 164 474 656 2864 1189
1692 1507 210 1631 2398 519 1366 2845 2022 2415
0 2355 2145 1201 280 2595 1886 266 1585 1799
1559 306 256 2624 875 2321 2794 2539 2213 1262
1802 2060 1500 2680 1026 1750 271 355 870 1941
367 142 1428 2186 774 2557 2404 1426 2812 732
2320 2855 2341 1498 144 1603 1712 1042 455 849
2364 440 1164 1589 2035 1991 2246 375 1871 222
2739 2454 1249 2855 1832 1698 1828 472 854 270
2602 681 606 1871 2303 1225 1197 2222 2497 239
1952 1427 2410 1126 220 2664 626 1697 925 2729
2695 1556 2856 260 2401 288 1808 1119 2166 819
1151 533 2888 524 1820 1322 2730 2399 2077 330
345 1979 2060 1692 1222 639 2821 2417 1127 2447
277 55 657 1227 2878 1415 2150 1260 2388 2341
933 1254 242 2659 1698 1686 717 2409 1378 2841
702 1375 2892 2352 1598 67 2461 2143 1482 612
1322 2153 306 1722 621 2808 2887 440 1812 2236
1348 1798 647 1893 2452 2698 179 2617 2090 774
2268 2761 2643 700 697 2096 1652 1052 1876 416
385 1851 2081 2484 155 1522 2415 1319 2753 851
1240 2863 1566 239 2660 1802 2558 2445 974 233
2523 2486 1467 2269 2785 651 300 1504 1049 1500
139 185 1640 1879 855 2237 1898 875 2623 1716
1627 1339 2682 2744 2579 2166 972 184 619 1848
2010 2884 2727 2580 1366 816 1314 280 1911 702
2916 895 2300 449 1055 2505 832 746 1318 2547
1396 1752 945 2002 700 170 2848 1967 2549 2029
402 2284 1716 1341 1797 2436 2897 331 1222 2411
2110 406 1027 2906 2723 1732 1559 2002 2543 729
2436 1699 721 1260 1939 2433 43 1848 1610 1056
1019 2515 1769 2018 1096 0 2151 2843 790 2850
1359 401 2809 1410 1862 2777 1225 1797 2470 1844
2883 231 551 889 606 2363 1773 621 2699 965
2341 1189 2584 288 2251 674 815 1821 2024 2306
790 2591 859 1026 957 845 2641 2743 2296 512
