2220 1650 1446 2233 779 1983 2304 458 0 1156
2130 2486 2422 759 0 2648 81 1116 1250 2295
437 634 1506 1793 2277 0 2629 1080 1676 2356
1403 1721 1491 2130 81 2497 477 1531 2208 1841
0 500 2486 1270 821 1348 2709 1842 934 1352
1181 878 1361 2536 2276 2024 0 573 2486 1425
2469 69 1839 2717 357 432 1998 1377 2049 520
2122 782 0 548 1329 2083 1167 1155 1386 2139
718 99 1574 1145 2213 2695 628 2507 1937 1819
1269 1813 2666 163 1379 2054 101 2085 615 2211
1593 2061 2323 1151 2047 708 908 1832 2578 279
370 1621 1304 1716 2718 1438 1534 0 1771 437
1855 2572 2263 2619 1148 173 1921 1758 455 643
881 123 2670 1578 1595 561 1223 952 2021 1929
148 2342 2095 855 1872 2414 949 2388 361 1022
2677 363 2601 1952 1531 1767 1904 1431 100 824
1499 1377 2701 1437 907 1602 547 1293 177 1516
1491 1034 424 1348 167 2530 902 2588 1508 1602
1644 819 2152 1049 1781 598 2529 2241 245 2600
1060 1133 164 1666 1716 1238 1826 1594 1336 183
1390 2577 583 1168 568 1850 2114 237 1949 1412
2101 1273 1909 2155 986 2456 308 1167 508 2510
750 1503 814 1761 1491 238 829 1689 1558 2117
1741 2316 2001 685 2498 80 609 2751 761 2098
2261 1775 609 172 2551 807 1689 1654 994 2728
168 1925 1673 1987 738 2293 1114 1882 2124 620
952 630 1880 2311 353 2122 2141 1176 2360 1274
1915 2304 664 220 2112 603 2227 761 842 2782
48 2742 308 2288 1880 2124 237 148 526 2563
262 1845 884 474 1257 2342 1333 2164 2406 2078
814 318 2285 2496 1082 1946 1274 1991 1151 2804
1262 0 1269 894 2124 1951 2048 2699 2297 69
2359 968 2561 361 583 1436 1395 1266 2744 1439
1335 2387 2806 626 238 1844 1436 1001 1864 1775
2404 2681 1334 394 1952 1690 2623 2011 674 692
1509 2133 46 2334 651 858 2440 2294 1647 1680
1930 2125 1726 1194 2609 909 421 2414 2679 336
2221 362 920 668 1420 1021 2550 1973 2605 2416
2518 2744 2497 364 1973 1018 910 1909 719 962
353 2369 2200 1493 2409 1059 2734 2006 741 873
1018 1218 2807 1595 2299 664 2591 1581 274 1263
1133 557 385 2402 2719 2202 1054 2322 1288 1186
1232 220 2518 980 2648 2561 1049 318 1066 1167
1973 722 119 2055 1052 1732 2399 2758 2511 1085
2611 1172 868 298 2061 1218 1621 829 2783 893
1690 1252 378 2745 2387 2225 1097 385 2019 2692
1714 431 2731 1723 721 1662 1769 2677 749 844
2048 2670 981 2805 561 508 1721 568 692 786
1721 451 1776 1839 1176 2747 2398 500 1279 2682
1813 2708 1416 1855 304 1352 718 1099 1452 1996
