1475 1405 724 878 0 985 1334 21 933 385
1683 500 936 1116 1470 77 1208 587 0 1285
1345 658 0 465 64 1670 739 1281 677 1429
0 1446 1071 499 1158 777 1405 739 193 1589
175 1603 1158 1329 255 1291 566 1538 453 0
438 1426 246 0 1096 392 1522 866 1206 1672
1242 0 1486 729 973 1080 1156 91 143 1682
288 91 207 1251 1762 1543 641 136 543 1364
843 1206 64 364 508 1707 940 1029 1140 756
219 136 1334 568 1666 420 1568 1136 1265 675
765 1533 1054 933 1218 0 243 207 1630 1076
785 974 1256 1522 1621 504 1446 653 348 251
1076 1118 1658 1469 875 240 267 334 1390 77
1528 677 1608 345 696 364 793 1342 1440 171
1608 332 101 1346 585 854 1531 1324 739 868
1428 1251 508 1155 433 183 1723 522 1490 125
1118 627 339 76 541 1373 1300 1581 1711 940
596 1329 522 1300 1373 1139 1285 239 77 991
1288 1652 281 108 790 1147 339 961 1108 1167
1158 542 846 1621 156 1431 176 1066 1334 1725
93 1164 1545 745 646 1207 0 1037 1058 1740
921 1702 1428 158 1042 532 421 1628 985 348
684 373 1741 1401 176 1316 1029 777 532 1508
973 434 826 696 664 1757 856 1702 818 147
1151 1564 408 212 1242 1487 483 1058 1769 798
533 210 596 1682 359 1630 695 1440 1569 660
658 252 967 390 1265 1740 1679 1181 1241 1054
1064 689 1466 266 1525 175 360 1238 1364 1407
375 216 1679 1020 853 1167 1646 438 1417 1277
1695 878 660 783 351 1552 1118 1220 438 1254
