786 862 0 1643 38 689 1180 1496 1104 449
0 435 793 711 928 43 1055 1645 1267 1548
1509 1622 656 1022 257 1063 0 649 516 1706
1576 1496 940 195 435 0 394 1399 897 995
1712 1103 389 0 1675 320 708 685 643 1637
695 1009 52 600 903 1353 1606 300 1178 1289
1088 1272 1279 269 535 1037 519 845 1214 64
1027 891 161 75 1404 1124 244 942 303 1167
1436 1399 1604 695 113 259 1649 1309 1511 320
324 1535 296 1164 1095 98 1404 708 940 1500
424 340 1456 161 1434 81 195 1156 1039 1349
1419 584 1343 511 1142 325 1246 1597 0 1535
1400 0 1191 1063 494 1426 535 931 1604 404
1501 669 479 923 1231 109 763 1540 142 1068
117 1584 1648 1469 669 910 889 110 1187 461
1185 1353 982 576 1077 1273 1142 744 347 0
976 1289 124 347 629 1618 1559 824 845 1230
1680 300 670 1261 180 949 910 257 763 1675
944 752 38 1212 1593 195 795 52 1359 110
1496 424 1360 1331 757 1559 1550 1230 582 202
165 1094 459 857 1525 1661 930 1057 479 1417
549 125 701 1184 265 1218 435 344 71 755
576 1313 1049 540 124 1156 622 1133 971 420
862 170 582 793 1218 1260 175 117 685 523
1356 924 1533 1095 1444 606 303 516 1647 195
1273 515 324 1357 1640 806 973 170 1439 848
1552 39 1118 1655 832 786 1305 606 489 930
511 1429 1258 419 1322 848 1694 1027 1059 225
1672 1178 1206 1560 992 142 1456 432 1118 582
1372 1193 226 1403 986 1490 365 1094 616 643
