1037 297 0 1257 1644 386 1167 238 1540 697
1009 1534 705 1160 0 244 1201 205 800 1262
834 224 441 623 869 909 0 1376 1286 762
1484 143 166 0 401 1463 521 818 1376 917
1064 798 1433 721 64 1151 231 895 1635 449
754 1386 1320 232 133 800 292 1493 785 625
0 950 1192 871 523 902 699 1232 32 54
631 1344 259 508 1430 558 1469 0 902 970
251 386 109 1040 1127 319 1254 1089 295 1347
655 1044 1501 551 623 1654 1180 93 1441 255
408 1144 1240 973 231 1410 334 1592 641 1311
295 449 1296 1198 324 475 1421 1320 54 394
82 868 1600 1559 1082 1284 1044 391 533 602
1145 261 1637 1338 1465 631 83 503 810 945
32 247 1353 902 988 659 1642 518 1611 1537
144 1437 871 798 1036 459 1553 1644 970 270
1592 1112 1495 260 479 1317 357 812 1152 200
732 166 1025 327 1552 1484 777 653 1116 1226
1644 604 513 1571 565 894 1339 406 114 834
930 0 738 425 826 981 1614 608 1572 888
309 335 51 1479 1144 1073 948 778 383 1620
1257 73 1032 1236 509 174 609 1357 151 1413
503 520 1125 1402 105 1570 155 478 1199 1449
988 1589 1215 630 908 1143 1541 175 733 1155
1545 196 948 1025 394 1681 856 732 1486 1058
1204 1681 565 1705 733 200 1070 1103 695 150
391 1240 675 1445 1312 1493 434 297 1024 1127
1344 1301 696 160 649 705 1103 1397 435 533
166 697 356 1089 1375 1224 1686 871 602 1598
840 686 629 82 1242 961 243 1226 1641 1192
