2378 1846 746 1964 905 910 506 0 2188 1998
1540 2516 0 729 1633 1825 2663 973 875 896
272 1054 234 2115 1395 1539 2371 138 2660 1811
1161 1109 1950 2181 0 2468 1256 511 606 2621
2094 1699 1091 0 1426 2713 2126 1881 741 387
1404 2591 2600 2332 457 1494 98 1201 807 2504
111 2355 838 1659 1715 61 2732 1277 1862 1125
2205 2060 1460 826 2364 2241 529 115 896 1660
1601 1574 139 905 1015 1147 2493 2740 1075 995
333 1668 1186 2210 2281 174 2533 35 2689 1368
872 1460 60 600 1636 1683 2383 1055 1521 2704
1758 835 2455 1184 1819 1252 503 1668 0 2563
1494 2715 2357 2513 537 614 2455 1691 173 161
2236 1152 1710 1470 901 2385 155 2287 2022 641
1997 2373 935 1574 2498 111 1021 1802 2463 117
1818 2458 2194 342 2528 1759 1040 944 580 1325
1682 2256 1536 629 2352 950 723 234 2787 1890
1863 842 1738 2281 261 2813 1551 1228 212 2618
2287 98 2694 2810 741 1776 0 1356 717 1252
2126 1323 1370 1211 2147 1872 163 1583 2512 1476
2544 769 1911 1378 333 2643 196 883 979 1923
1143 554 1021 2302 1721 2472 1463 249 2379 1720
1938 1344 2329 1032 1687 1441 199 593 2146 2198
2327 939 2035 666 1331 117 1528 2583 1552 2404
2255 128 1240 1923 1521 0 308 2017 2288 2792
1256 2195 2089 1508 2377 292 2287 2284 426 273
1719 2627 272 1600 2078 2017 744 1997 1237 537
251 2004 1160 269 83 2164 1733 1970 1345 2064
2775 483 305 1994 2271 2093 2035 1445 1251 467
968 1518 2521 1305 2132 1948 1945 1749 261 609
2655 937 2298 1874 1556 2330 239 497 1147 1721
1010 1936 1235 2430 1252 1240 2547 2774 703 173
2807 1239 2355 2035 307 693 2636 1381 1036 1562
1520 2298 600 502 1708 2554 1654 2369 1187 1026
0 1601 2703 1912 1923 1025 1755 785 517 2033
2705 2050 1795 379 832 2061 643 1329 1400 2107
541 1833 1626 2544 2477 443 605 2113 405 2288
1301 702 1868 2073 418 1334 1973 670 2198 2128
1359 2743 1649 995 2359 2046 1948 330 2602 689
497 2193 2565 2119 2775 786 771 403 2496 1188
1334 1631 2222 2723 2629 382 686 2531 1699 1015
2742 1048 482 459 1916 1920 1348 1246 1492 1378
2143 953 1846 1462 2241 2714 1666 2679 309 734
1065 2597 1327 2627 1920 737 1373 1495 2032 483
2052 1739 1968 1104 2543 414 443 2456 2129 2377
2598 0 1066 1801 2685 541 1592 1121 1720 1701
2825 1441 1916 851 1683 997 2190 2680 1958 130
2464 2148 703 1464 1626 2285 2832 702 1633 292
785 872 2173 482 2815 2298 1669 703 1801 2688
202 1678 1129 405 2012 1870 1872 2202 1276 1963
