1582 1927 389 2447 2033 872 945 0 2511 446
2285 410 2140 1589 2107 949 1060 2035 639 37
1980 1627 1902 728 998 447 2150 9 2054 806
2162 2655 0 642 2264 922 1627 1235 728 1861
1744 236 2430 1693 2491 618 1862 23 567 652
2443 876 172 1035 2079 2426 1211 1865 1120 1266
274 2567 94 1324 391 2621 1680 2263 2325 1503
1167 2202 2624 776 37 1560 846 2482 2295 0
1884 1761 358 276 2175 1859 2292 1939 2494 1973
1256 445 1675 1152 1522 705 0 1583 1318 1764
2207 1129 1215 2557 1568 1219 725 1325 0 508
2406 650 1131 1248 2573 0 1723 2325 2463 745
94 1643 260 180 328 2087 66 2652 1937 2227
2331 503 635 2017 1269 1342 94 1141 992 1256
1900 2611 658 1499 2701 496 1081 78 1041 2124
876 781 2524 1667 126 2125 2588 1043 1764 944
1318 187 2548 925 2406 2307 446 1671 1959 1138
180 505 1059 802 2140 1036 2193 1001 1920 2311
2567 1221 1605 234 1342 2502 1517 2406 1677 1709
783 1125 2675 2054 1129 22 1425 846 2001 519
2004 737 781 567 2173 174 1028 938 2600 2514
251 2179 1797 1204 1770 779 1330 127 2656 2393
1328 2171 446 1744 1861 132 809 2552 2506 846
0 2530 628 2568 779 719 2010 1962 181 635
2530 2321 489 902 2752 2066 1128 1712 1072 119
1404 1859 528 2752 1984 504 112 588 2168 2593
929 132 860 2289 1220 110 1760 1996 1161 2065
1503 2692 588 1969 2381 2215 728 1762 809 219
2198 575 922 2379 1906 906 172 1802 2677 1043
1383 2706 615 1263 169 2075 2101 1763 896 2520
1035 2103 2252 998 1242 507 2410 198 2754 1190
1163 1433 2312 2263 486 2122 515 2255 1688 206
1094 974 2713 2556 1769 521 1789 289 2218 1460
709 574 1330 2740 246 2698 1234 1422 1199 2754
2306 997 2046 1983 1050 383 577 334 414 2130
2661 2293 1980 1194 611 571 1366 2519 1465 270
2692 2007 2180 1102 447 414 2324 2103 2253 2615
894 1548 2078 382 929 2630 2698 538 2112 1648
1052 1464 2103 2626 1611 2542 351 2667 1548 294
2066 1314 1893 2505 877 2040 2033 1223 618 322
2147 323 1109 2468 2646 1733 905 628 2367 1412
478 2370 1099 840 1797 1650 2452 383 1384 1264
2772 1676 1133 358 2520 2443 690 478 1863 1944
1012 386 2105 1410 1692 2403 660 2757 1605 2681
185 988 1219 1836 1432 1059 1947 1891 251 1336
650 621 1422 470 709 1499 2040 2019 2714 1239
1907 2438 1106 1908 511 1559 2679 1560 1200 317
1692 1037 2407 2713 1653 1125 260 1264 493 2430
2786 1215 2450 1779 2362 647 1605 705 94 1866
1458 1339 1503 2655 303 2288 2518 2165 2391 1581
